1.0 1.0
1.0 2.0
4512.0 530.0
3738.0 297.0
4261.0 335.0
3777.0 282.0
4177.0 590.0
3585.0 300.0
3785.0 400.0
3559.0 255.0
3613.0 355.0
3982.0 375.0
3443.0 340.0
3993.0 380.0
3993.0 355.0
4208.0 522.0
3832.0 208.0
3876.0 405.0
3497.0 358.0
3466.0 292.0
3095.0 340.0
4424.0 400.0
3878.0 357.0
4046.0 287.0
3804.0 275.0
3710.0 270.0
4747.0 635.0
4423.0 505.0
4036.0 490.0
4022.0 485.0
3454.0 310.0
4175.0 420.0
3787.0 318.0
3796.0 432.0
4103.0 364.0
4161.0 405.0
4158.0 432.0
3814.0 207.0
3527.0 375.0
3748.0 350.0
3334.0 236.0
3492.0 250.0
3962.0 350.0
3505.0 320.0
4315.0 525.0
3804.0 570.0
3863.0 340.0
4034.0 422.0
4308.0 506.0
3165.0 215.0
3641.0 311.0
3644.0 300.0
3891.0 224.0
3793.0 350.0
4270.0 335.0
4063.0 390.0
4012.0 400.0
3458.0 225.0
3890.0 310.0
4166.0 560.0
3935.0 330.0
3669.0 222.0
3866.0 415.0
3393.0 175.0
4442.0 330.0
4253.0 485.0
3727.0 470.0
3329.0 135.0
3415.0 310.0
3372.0 154.0
4430.0 510.0
4381.0 415.0
4008.0 468.0
3858.0 390.0
4121.0 380.0
4057.0 432.0
3824.0 240.0
3394.0 195.0
3558.0 225.0
3362.0 188.0
3930.0 252.0
3835.0 315.0
3830.0 245.0
3856.0 430.0
3249.0 279.0
3577.0 245.0
3933.0 309.0
3850.0 412.0
3309.0 120.0
3406.0 220.0
3506.0 280.0
3907.0 440.0
4160.0 370.0
3318.0 192.0
3662.0 230.0
3899.0 346.0
3700.0 290.0
3779.0 165.0
3473.0 240.0
3490.0 132.0
3654.0 242.0
3478.0 270.0
3495.0 218.0
3834.0 430.0
3876.0 588.0
3661.0 320.0
3618.0 290.0
3648.0 260.0
4032.0 425.0
3399.0 226.0
3916.0 360.0
4430.0 620.0
3695.0 310.0
3524.0 250.0
3571.0 295.0
3594.0 290.0
3383.0 290.0
3499.0 275.0
3589.0 250.0
3900.0 270.0
4114.0 362.0
3937.0 300.0
3399.0 173.0
4200.0 256.0
4488.0 440.0
3614.0 180.0
4051.0 306.0
3782.0 350.0
3391.0 125.0
3124.0 165.0
4053.0 312.0
3582.0 300.0
3666.0 270.0
3532.0 335.0
4046.0 450.0
3667.0 310.0
2857.0 027.0
3436.0 235.0
3791.0 260.0
3302.0 165.0
3104.0 080.0
3171.0 127.0
3572.0 270.0
3530.0 252.0
3175.0 200.0
3438.0 290.0
3903.0 334.0
3899.0 380.0
3401.0 140.0
3267.0 243.0
3451.0 340.0
3090.0 168.0
3413.0 322.0
3323.0 249.0
3680.0 321.0
3439.0 192.0
3853.0 373.0
3156.0 170.0
3279.0 265.0
3707.0 235.0
4006.0 302.0
3269.0 241.0
3071.0 078.0
3779.0 520.0
3548.0 460.0
3292.0 075.0
3497.0 280.0
3082.0 180.0
3248.0 250.0
3358.0 190.0
3803.0 374.0
3566.0 306.0
3145.0 202.0
3503.0 240.0
3571.0 316.0
3724.0 280.0
3615.0 350.0
3203.0 180.0
3609.0 210.0
3561.0 127.0
3979.0 324.0
3533.0 210.0
3689.0 290.0
3158.0 100.0
4005.0 280.0
3181.0 175.0
3479.0 160.0
3642.0 205.0
3632.0 163.0
3069.0 022.0
3394.0 243.0
3703.0 350.0
3165.0 237.0
3354.0 204.0
3000.0 090.0
3687.0 355.0
3556.0 250.0
2773.0 076.0
3058.0 120.0
3344.0 220.0
3493.0 240.0
3297.0 220.0
3360.0 095.0
3228.0 235.0
3277.0 105.0
3851.0 405.0
3067.0 150.0
3692.0 305.0
3402.0 220.0
3995.0 296.0
3318.0 175.0
2720.0 955.0
2937.0 070.0
3580.0 320.0
2939.0 060.0
2989.0 130.0
3586.0 250.0
3156.0 225.0
3246.0 180.0
3170.0 178.0
3268.0 142.0
3389.0 130.0
3381.0 185.0
2864.0 012.0
3740.0 280.0
3479.0 103.0
3647.0 408.0
3716.0 300.0
3284.0 246.0
4204.0 380.0
3735.0 350.0
3218.0 060.0
3685.0 350.0
3704.0 220.0
3214.0 110.0
3394.0 215.0
3233.0 104.0
3352.0 170.0
3391.0 120.0